fecha,dia_cuarentena,casos_nuevos,casos_total,%mujer,%varon,mujer_total,varon_total,franja_etaria,edad_prom,importados_total,importados_nuevos,local_total,local_nuevos,comunitario_total,comunitario_nuevos,en_investigacion_total,en_investigacion_nuevos,muertes_total,muertes_nuevos,alta_total,alta_nuevos,alta_definitiva,descartados_total,descartados_nuevos,tests_realizados_total,tests_realizados_nuevos,test_por_millon_hab,observaciones
2020-03-05,,1,1,,,,,,,1,1,0,0,0,,0,0,0,0,0,0,0,,,,,,
2020-03-06,,1,2,,,,,,,2,1,0,0,0,,0,0,0,0,0,0,0,,,,,,
2020-03-07,,7,9,,,,,,,9,7,0,0,0,,0,0,0,0,0,0,0,,,,,,
2020-03-08,,3,12,,,,,,,12,3,0,0,0,,0,0,0,0,0,0,0,,,,28,,
2020-03-09,,5,17,,,,,,,17,5,0,0,0,,0,0,1,1,0,0,0,,,,,,
2020-03-10,,2,19,,,,,,,19,2,0,0,0,,0,0,1,0,0,0,0,,,,,,
2020-03-11,,2,21,,,,,,,21,2,0,0,0,,0,0,1,0,0,0,0,,,,,,
2020-03-12,,10,31,,,,,,,28,7,3,3,0,,0,0,1,0,1,1,,,,,,,Primer alta (Infobae)
2020-03-13,,3,34,,,,,,,30,2,4,1,0,,0,0,2,1,,,,,,,,,
2020-03-14,,11,45,,,,,,,40,10,5,1,0,,0,0,2,0,,,,,,,,,
2020-03-15,,11,56,,,,,,,48,8,8,3,0,,0,0,2,0,,,,,,,,,
2020-03-16,,9,65,,,,,,,56,8,9,1,0,,0,0,2,0,,,,,,,,,
2020-03-17,,14,79,,,,,,,68,12,11,2,0,,0,0,2,0,,,,,,,,,
2020-03-18,,19,97,,,,,,,80,13,16,5,0,,1,1,2,0,,,,,,,,,-1 caso reclasificado
2020-03-19,,31,128,,,,,,,100,20,21,5,0,,7,6,3,1,,,,,,,,,
2020-03-20,,30,158,,,,,,,122,22,25,4,0,,11,4,3,0,,,,,,,,,
2020-03-21,1,67,225,,,,,,,167,45,37,12,0,,21,10,4,1,,,,,,,,,
2020-03-22,2,41,266,,,,,,,184,17,48,11,0,,33,12,4,0,,,,,,,,,Se sospecha contagio comunitario en 1 caso
2020-03-23,3,36,301,,,,,,,201,17,53,5,0,,47,13,4,0,52,,,2695,,,,,"Se sospecha contagio comunitario en 1 caso. 1453 tests negativos, 1242 casos descartados por investigación epidemiológica"
2020-03-24,4,86,387,,,,,,,242,41,73,20,0,,72,25,6,2,63,11,,3188,,,,,"1453 tests negativos, 1735 casos descartados por investigación epidemiológica"
2020-03-25,5,117,502,,,,,,,245,3,151,18,0,,168,96,8,2,72,9,2,3516,,,,,"-2 casos reclasificados. Hay 22 hospitalizados. 1946 tests negativos, 1570 casos descartados por investigación epidemiológica "
2020-03-26,6,87,589,41,59,241,348,20-59,,282,37,175,24,0,,194,26,12,4,74,2,2,4128,,,,,"2258 tests negativos, 1870 casos descartados por investigación epidemiológica"
2020-03-27,7,101,690,"41,5","58,5",286,404,20-59,,386,104,167,-8,0,,137,-57,17,5,78,4,2,,,,,,"16 casos reclasificados. 2817 tests dieron negativo. La tasa de letalidad es del 2,1%"
2020-03-28,8,55,745,41,59,305,440,20-59,,408,21,185,18,0,,152,16,19,2,91,13,7,,,,,,1 caso reclasificado. Hoy se descartaron 289 casos
2020-03-29,9,75,820,42,58,344,476,20-59,43,442,34,207,22,0,,171,19,21,2,219,128,9,,,,,,Personas de 30 a 39 años las más afectadas
2020-03-30,10,146,966,"42,5","57,5",411,555,20-59,44,489,47,248,41,10,,219,48,24,4,240,21,12,3877,,,,,
2020-03-31,11,88,1054,"42,5","57,5",448,606,20-59,45,529,40,295,47,10,,220,1,27,3,248,8,30,4597,720,,,,
2020-04-01,12,79,1133,43,57,487,646,20-59,45,580,51,349,54,0,,204,-16,34,7,256,8,36,5144,547,,,,
2020-04-02,13,132,1265,43,57,544,721,20-59,45,622,42,398,49,103,,142,-62,37,4,266,10,51,6120,976,,,,
2020-04-03,14,88,1353,43,57,582,771,20-59,45,656,34,444,46,113,10,140,-2,42,6,279,13,64,7135,1015,,,,
2020-04-04,15,98,1451,43,57,624,827,20-59,45,674,18,490,46,119,6,168,28,43,1,280,1,87,7888,753,,,,
2020-04-05,16,103,1554,43,57,668,886,20-59,45,695,21,536,46,148,29,175,7,46,3,325,45,107,8508,620,,,,
2020-04-06,17,74,1628,44,56,716,912,20-59,45,718,23,563,27,175,27,172,-3,53,7,338,13,,9165,657,,,,
2020-04-07,18,87,1715,44,56,755,960,20-59,45,738,20,588,25,205,30,184,12,60,7,358,20,,10438,1273,13330,1552,"293,8",
2020-04-08,19,80,1795,45,55,808,987,20-59,45,767,29,618,30,224,19,186,2,65,5,365,7,,11835,1397,14850,1520,"327,2",
2020-04-09,20,99,1894,45,55,852,1042,20-59,45,785,18,641,23,261,37,207,21,79,14,375,10,,12983,1148,16379,1529,361,
2020-04-10,21,81,1975,"45,5","54,5",899,1076,20-59,45,789,4,672,31,290,29,224,17,82,3,440,65,,14150,1167,18027,1648,397,
2020-04-11,22,167,2142,"46,7","53,3",1000,1142,20-59,45,816,27,712,40,304,14,310,86,89,7,468,28,,15480,1330,19758,1731,"435,4",
2020-04-12,23,66,2208,47,53,1038,1170,20-59,45,821,5,766,54,318,14,303,-7,95,6,515,47,,16416,936,21193,1435,467,
2020-04-13,24,69,2277,"47,4","52,6",1079,1198,20-59,45,830,9,790,24,354,36,303,0,98,3,559,44,,17724,1308,22805,1612,"502,6",
2020-04-14,25,166,2443,"48,1","51,9",1175,1268,20-59,44,833,3,857,67,393,39,360,57,105,7,596,37,,18901,1177,24374,1569,"537,1",
2020-04-15,26,128,2571,"48,5","51,5",1247,1324,20-59,44,840,7,903,46,425,32,403,43,112,7,631,35,,20645,1744,26457,2083,"583,1",
2020-04-16,27,98,2669,"48,8","51,2",1302,1367,20-59,44,845,5,951,48,448,23,425,22,122,10,666,35,,22310,1665,28650,2193,"631,4",
2020-04-17,28,88,2758,"48,9","51,1",1349,1409,20-59,44,851,6,997,46,474,26,436,11,129,7,685,19,,23796,1486,30942,2292,"681,9",
2020-04-18,29,81,2839,"48,8","51,2",1385,1454,20-59,44,856,5,1184,187,496,22,303,-133,132,3,709,24,,25259,1463,32712,1770,"720,9",
2020-04-19,30,102,2941,49,51,1441,1500,20-59,44,858,2,1235,51,538,42,310,7,134,2,737,28,,26658,1399,34568,1856,"761,8",
2020-04-20,31,90,3031,49,51,1485,1546,20-59,44,863,5,1293,58,576,38,299,-11,142,8,840,103,,28298,1640,36611,2043,"806,8",
2020-04-21,32,112,3144,"49,4","50,6",1553,1591,20-59,44,866,3,1346,53,618,42,314,15,151,9,872,32,,30362,2064,39228,2617,"864,5",
2020-04-22,33,144,3288,"49,3","50,7",1621,1667,20-59,44,870,4,1408,62,669,51,341,27,159,8,919,47,,32414,2052,41786,2558,"920,9",
2020-04-23,34,147,3435,50,50,1718,1717,20-59,44,875,5,1490,82,722,53,348,7,165,6,976,57,,34431,2017,44654,2868,"984,1",
2020-04-24,35,172,3607,"49,9","50,1",1800,1807,20-59,44,887,12,1562,72,755,33,403,55,176,11,1030,54,,36610,2179,47406,2752,"1044,7",
2020-04-25,36,173,3780,"49,7","50,3",1879,1901,20-59,44,888,1,1641,79,797,42,454,51,185,9,1107,77,,38215,1605,49905,2499,"1099,8",
2020-04-26,37,112,3892,"49,8","50,2",1938,1954,20-59,43,900,12,1684,43,829,32,479,25,192,7,1140,33,,39990,1775,51900,1995,"1143,8",
2020-04-27,38,111,4003,50,50,2002,2001,20-59,43,905,5,1725,41,897,68,476,-3,197,5,1162,22,,41559,1569,53600,1700,"1181,2",
2020-04-28,39,124,4127,"50,2","49,8",2072,2055,20-59,43,909,4,1766,41,984,87,468,-8,207,10,1192,30,,43322,1763,56058,2458,"1235,4",
2020-04-29,40,158,4285,"50,1","49,9",2147,2138,20-59,43,912,3,1835,69,1041,57,497,29,214,7,1256,64,,45446,2124,58685,2627,"1293,3",
2020-04-30,41,143,4428,"50,3","49,7",2227,2201,20-59,43,915,3,1904,69,1149,108,460,-37,218,3,1292,36,,47467,2021,61530,2845,1356,
2020-05-01,42,105,4532,"50,3","49,7",2280,2252,20-59,43,916,1,1949,45,1224,75,443,-17,225,7,1320,28,,49247,1780,63866,2336,"1407,5",Se reclasificó un caso de Neuquén
2020-05-02,43,149,4681,50,50,2341,2340,20-59,43,917,1,2012,63,1267,43,485,42,237,12,1354,34,,50779,1532,65813,1947,"1450,4",
2020-05-03,44,103,4783,"50,3","49,7",2406,2377,20-59,42,920,3,2076,64,1314,47,473,-12,246,9,1442,88,,52264,1485,67920,2107,"1496,8",Mendoza descartó un caso
2020-05-04,45,104,4887,"50,5","49,5",2468,2419,20-59,42,925,5,2137,61,1377,63,448,-25,260,14,1472,30,,53895,1631,69718,1798,"1536,4",
2020-05-05,46,134,5020,"50,3","49,7",2525,2495,20-59,42,927,2,2207,70,1445,68,441,7,264,4,1524,52,,55893,1998,72315,2597,"1593,7",Corrientes reclasificó 1 caso de confirmado a descartado
2020-05-06,47,188,5208,50,50,2604,2604,20-59,42,928,1,2291,84,1508,63,481,40,273,9,1601,77,,57828,1935,75198,2883,"1657,2",
2020-05-07,48,163,5371,"50,4","49,6",2707,2664,20-59,42,929,1,2372,81,1597,89,473,-8,282,9,1659,58,,59768,1940,77901,2703,"1716,8",
2020-05-08,49,240,5611,"50,6","49,4",2839,2772,20-59,42,930,1,2468,96,1646,49,567,94,293,11,1728,69,,61703,1935,80729,2828,"1779,1",
2020-05-09,50,165,5776,"50,4","49,6",2911,2865,20-59,41,930,0,2530,62,1703,57,613,46,300,7,1757,29,,63458,1755,83018,2289,"1829,5",
2020-05-10,51,258,6034,50,50,3017,3017,20-59,41,930,0,2668,138,1765,62,671,58,305,5,1837,80,,64817,1359,85158,2140,"1876,7",
2020-05-11,52,244,6278,"49,7","50,3",3120,3158,20-59,41,932,2,2802,134,1835,70,709,38,314,9,1862,25,,66709,1892,87547,2389,"1929,3",
2020-05-12,53,285,6563,49,51,3216,3347,20-59,41,932,0,2974,172,1926,91,731,22,319,5,2266,404,,68926,2217,90474,2927,"1993,8",
2020-05-13,54,316,6879,49,51,3371,3508,20-59,41,934,2,3109,135,2039,113,797,66,329,10,2385,119,,71209,2283,93673,3199,"2064,3",
2020-05-14,55,255,7134,49,51,3496,3638,20-59,40,935,1,3226,117,2169,130,804,7,353,24,2497,112,,73709,2500,96893,3220,"2135,3",
2020-05-15,56,345,7479,"49,4","50,6",3695,3784,20-59,40,937,2,3367,141,2272,103,903,99,356,3,2534,37,,76257,2548,100362,3469,"2211,7",
2020-05-16,57,327,7805,"49,4","50,6",3856,3949,20-59,40,937,0,3482,115,2372,100,1014,111,363,7,2569,35,,78217,1960,103220,2858,"2274,7",
2020-05-17,58,263,8068,"49,2","50,8",3969,4099,20-59,40,939,2,3561,79,2468,96,1100,86,373,10,2625,56,,80102,1885,105829,2609,"2332,2",
2020-05-18,59,303,8371,"49,1","50,9",4110,4261,20-59,39,939,0,3718,157,2607,139,1107,7,382,9,2872,247,,82123,2021,108634,2805,2394,
2020-05-19,60,438,8809,49,51,4316,4493,20-59,39,940,1,3879,161,2758,151,1232,125,393,11,2933,61,,85130,3007,112370,3736,"2476,4",
2020-05-20,61,474,9283,49,51,4549,4734,20-59,39,945,5,4068,189,2919,161,1351,119,403,10,3032,99,,88152,3022,116689,4319,"2571,6",
2020-05-21,62,648,9931,"48,7","51,3",4836,5095,20-59,39,947,2,4334,266,3154,235,1496,145,416,13,3062,30,,91398,3246,121278,4589,"2672,7",
2020-05-22,63,718,10649,"48,6","51,4",5175,5474,20-59,38,948,1,4648,314,3314,160,1739,243,433,18,3530,468,,94282,2884,125893,4615,"2774,4","En el informe vespertino reportan 14 muertes, pero luego describen a 15 personas"
2020-05-23,64,704,11353,"48,6","51,4",5518,5835,20-59,38,951,3,4955,307,3540,226,1907,168,445,12,3732,202,,96632,2350,129418,3525,"2852,1",Se registra una muerte más que el reporte oficial
2020-05-24,65,723,12076,"48,7","51,3",5881,6195,20-59,38,955,4,5302,347,3766,226,2053,146,452,7,3999,267,,99145,2513,133468,4050,"2941,3",
2020-05-25,66,552,12628,"48,7","51,3",6150,6478,20-59,37,956,1,5563,261,4050,284,2059,6,467,15,4167,168,,101348,2203,136662,3194,"3011,7",
2020-05-26,67,600,13228,"48,9","51,1",6468,6760,20-59,37,959,3,5813,250,4354,304,2102,43,484,17,4349,182,,103900,2552,140218,3556,"3090,1",
2020-05-27,68,706,13933,"48,9","51,1",6813,7120,20-59,37,961,2,6091,278,4694,340,2187,85,500,10,4617,268,,107098,3198,145081,4863,"3197,3","Reportan 10 muertes entre reporte matutito y vespertino, pero suman 16 al total del día anterior"
2020-05-28,69,769,14702,"49,1","50,9",7219,7483,20-59,37,967,6,6450,359,5051,357,2234,47,508,8,4788,171,,110796,3698,150486,5405,"3316,4",
2020-05-29,70,717,15419,49,51,7555,7864,20-59,37,968,1,6727,277,5408,357,2316,82,520,12,5100,312,,114112,3316,155407,4921,"3424,8",
2020-05-30,71,795,16214,49,51,7945,8269,20-59,37,969,1,7030,303,5724,316,2491,175,528,8,5336,236,,117034,2922,160070,4663,"3527,6",
2020-05-31,72,637,16851,49,51,8257,8594,20-59,36,970,1,7308,278,5975,251,2598,107,539,11,5521,185,,119653,2619,164084,4014,3616,
2020-06-01,73,564,17415,49,51,8533,8882,20-59,36,974,4,7532,224,6263,288,2646,48,556,17,5709,188,,122143,2490,167799,3715,"3697,9",
2020-06-02,74,904,18319,49,51,8976,9343,20-59,40,974,0,7854,322,6596,333,2895,249,569,13,5896,187,,125571,3428,172947,5148,"3811,4",
2020-06-03,75,949,19268,"49,4","50,6",9518,9750,20-59,40,977,3,8217,363,6941,345,3133,238,583,14,5993,97,,128933,3362,178448,5501,"3932,6",
2020-06-04,76,929,20197,"49,3","50,7",9957,10240,20-59,33,978,1,8541,324,7349,408,3329,196,608,25,6088,95,,132402,3469,183862,5414,"4051,9",
2020-06-05,77,840,21037,"49,3","50,7",10371,10666,20-59,33,980,2,8883,342,7770,421,3404,75,632,24,6180,92,,135454,3052,189278,5416,"4171,3",
2020-06-06,78,983,22020,"49,5","50,5",10900,11120,20-59,33,983,3,9219,336,8141,371,3677,273,648,16,6909,729,,138672,3218,193923,4635,4273,
2020-06-07,79,774,22794,"49,5","50,5",11283,11511,20-59,36,985,2,9476,257,8441,300,3892,215,664,16,7305,396,,141249,2577,198520,4607,"4374,9",
2020-06-08,80,826,23620,"49,6","50,4",11716,11904,20-59,36,986,1,9822,346,8919,478,3893,1,693,29,7568,263,,144348,3099,203051,4531,"4474,8",
2020-06-09,81,1141,24761,"49,6","50,4",12281,12480,20-59,36,992,6,10260,438,9406,487,4103,210,717,24,7991,423,,147917,3569,208519,5468,"4595,3",
2020-06-10,82,1226,25987,"49,5","50,5",12864,13123,20-59,36,996,4,10657,397,9948,542,4386,283,735,18,8332,341,,151512,3595,214807,6288,"4733,9",
2020-06-11,83,1386,27373,"49,6","50,4",13577,13796,20-59,36,999,3,11091,434,10542,594,4741,355,765,30,8743,411,,155502,3990,221305,6498,"4877,1",
2020-06-12,84,1391,28764,"49,6","50,4",14267,14497,20-59,36,1005,6,11529,438,11161,619,5069,328,785,20,9083,340,,159488,3986,228324,7019,"5031,7",
2020-06-13,85,1531,30295,"49,5","50,5",14996,15299,20-59,36,1011,6,11950,421,11707,546,5627,558,815,30,9564,481,,163161,3673,234370,6046,5165,
2020-06-14,86,1282,31577,"49,6","50,4",15662,15915,20-59,36,1022,11,12386,436,12167,460,6002,375,833,18,9891,327,,166443,3282,239941,5571,"5287,8",
2020-06-15,87,1208,32785,"49,5","50,5",16229,16556,20-59,36,1028,6,12835,449,12828,661,6094,92,854,21,10174,283,,169443,3000,245059,5118,"5400,5",
2020-06-16,88,1374,34159,"49,5","50,5",16909,17250,20-59,36,1030,2,13340,505,13602,774,6187,93,878,24,10512,338,,172718,3275,250615,5556,5523,
2020-06-17,89,1393,35552,"49,3","50,7",17527,18025,20-59,36,1036,6,13805,465,14433,831,6278,91,913,35,10721,209,,176436,3718,257092,6477,"5665,7",
2020-06-18,90,1958,37510,"49,4","50,6",18530,18980,20-59,36,1049,13,14420,615,15347,914,6694,416,948,35,11851,1130,,181353,4917,264604,7512,"5831,3",
2020-06-19,91,2060,39570,,,,,,,1044,-5,15003,583,16383,1036,7140,446,979,31,,,,,,,,,Reporte matutino 20-06-20 no fue publicado en la página
2020-06-20,92,1634,41204,"49,4","50,6",20355,20849,20-59,36,1046,2,15528,525,17095,712,7535,395,992,13,12728,,,189801,,279672,6443,"6163,3",
2020-06-21,93,1581,42785,"49,4","50,6",21136,21649,20-59,36,1047,1,16101,573,17750,655,7887,352,1011,19,13153,,,193317,,285391,5719,"6289,4",
2020-06-22,94,2146,44931,"49,5","50,5",22241,22690,20-59,36,1050,3,16924,823,18537,787,8420,533,1043,32,13576,,,197629,,292511,7120,"6446,3",
2020-06-23,95,2285,47216,"49,5","50,5",23372,23844,20-59,36,1052,2,17655,731,19603,1066,8906,486,1078,35,13816,,,203192,,300345,7832,6619,
2020-06-24,96,2635,49851,"49,4","50,6",24626,25225,20-59,36,1060,8,18460,805,20816,1213,9515,609,1116,38,14788,,,208232,,309601,9258,6822,
2020-06-25,97,2606,52457,"49,4","50,6",25914,26543,20-59,36,1061,1,19202,742,22078,1262,10116,601,1150,34,18416,,,213175,,318721,9120,7023,
2020-06-26,98,2886,55343,"49,4","50,6",27339,28004,20-59,36,1061,0,20095,893,23464,1386,10723,607,1184,34,19143,,,218640,,329036,10315,7251,
2020-06-27,99,2401,57744,"49,4","50,6",28526,29218,20-59,36,1062,1,20807,712,24743,1279,11132,409,1207,23,20134,,,223221,,336951,7915,7425,
2020-06-28,100,2189,59933,"49,5","50,5",29667,30266,20-59,36,1063,1,21599,792,25600,857,11671,539,1232,25,21138,,,227046,,344409,7458,7589,
2020-06-29,101,2335,62268,"49,5","50,5",30823,31445,20-59,36,1064,1,22481,882,27136,1536,11587,-84,1280,48,22028,,,232016,,352402,7993,7766,
